Ringed = [237 434 648 740 1014 777 1100]';    % numbers ringed
Mobs   = [20  4  0  2  2  0  0
           0 32 13 12  0  3  4
           0  0 35 13  7  0  2
           0  0  0 43  5  6  1
           0  0  0  0 41 12  3
           0  0  0  0  0 31  7
           0  0  0  0  0  0 63];              % numbers recovered
Jan = [-0.4 2.3 4.9 2.7 6.8 3.9 0.9]';        % January temperatures
Feb = [ 1.2 5.7 3.0 4.8 1.8 3.4 2.2]';        % February temperatures
