Ringed=[910 1157 1394 3554 4849 2555 305]';
Mobs=[   6   2   1   1   0   2   1   0   0   0   0   0
         0  11   5   6   1   1   1   1   0   0   0   1
         0   0  19   4   4   4   0   0   1   1   0   0
         0   0   0  65  25   8   4   2   4   4   1   0
         0   0   0   0  65  17   2  10   6   2   3   1
         0   0   0   0   0  52   9   8   3   4   2   1
         0   0   0   0   0   0   3   1   0   1   0   0];
