Ringed=[27;147;137;315;361;479;489;715;761;567;926;1320;1747;1606];
Mobs=[  5  1  0  1  0  0  0   0   0  0   0   0   0   0
        0 20 23  1  3  1  0   0   0  1   0   1   0   0
        0  0 31  9  2  3  1   0   1  0   0   0   0   0
        0  0  0 55 25  6  5   1   2  1   1   0   0   0
        0  0  0  0 67 34 16   4   2  2   0   0   1   0
        0  0  0  0  0 94 36  12   8  4   1   0   0   0
        0  0  0  0  0  0 74  39  10  6   4   1   1   0
        0  0  0  0  0  0  0 137  64 14  10   3   2   3
        0  0  0  0  0  0  0   0 136 50  23   9   5   0
        0  0  0  0  0  0  0   0   0 79  40  23  12   4
        0  0  0  0  0  0  0   0   0  0 108  66  28  19
        0  0  0  0  0  0  0   0   0  0   0 174 124  47
        0  0  0  0  0  0  0   0   0  0   0   0 234 124
        0  0  0  0  0  0  0   0   0  0   0   0   0 207];
