Ringed = [3646 10748 6665 4652 2983 3000]';
Mobs=[62  15   9   7   13    8
       0 169  67  29   22   20
       0   0  92  64   27   16
       0   0   0  70   21   15
       0   0   0   0   29   25
       0   0   0   0    0   72];
