Ringed = [962,702,1132,1201,1199,1155,1131,906,353]';

Mobs = [
 83  35  18  16   6   8   5   3   1
  0 103  21  13  11   8   6   6   0
  0   0  82  36  26  24  15  18   4
  0   0   0 153  39  22  21  16   8
  0   0   0   0 109  38  31  15   1
  0   0   0   0   0 113  64  29  22
  0   0   0   0   0   0 124  45  22
  0   0   0   0   0   0   0  95  25
  0   0   0   0   0   0   0   0  38
];

